price,ts
63.57,1760313600
63.69,1760313780
63.36,1760313960
63.38,1760314140
63.25,1760314320
63.4,1760314500
63.46,1760314680
63.54,1760314860
63.56,1760315040
63.5,1760315220
63.37,1760315400
63.33,1760315580
63.31,1760315760
63.26,1760315940
63.26,1760316120
63.2,1760316300
63.18,1760316480
63.18,1760316660
63.18,1760316840
63.19,1760317020
63.18,1760317200
63.11,1760317380
63.19,1760317560
63.31,1760317740
63.33,1760317920
63.32,1760318100
63.3,1760318280
63.31,1760318460
63.33,1760318640
63.33,1760318820
63.37,1760319000
63.34,1760319180
63.34,1760319360
63.38,1760319540
63.4,1760319720
63.39,1760319900
63.36,1760320080
63.44,1760320260
63.4,1760320440
63.41,1760320620
63.47,1760320800
63.47,1760320980
63.34,1760321160
63.24,1760321340
63.3,1760321520
63.35,1760321700
63.35,1760321880
63.35,1760322060
63.37,1760322240
63.46,1760322420
63.44,1760322600
63.49,1760322780
63.51,1760322960
63.57,1760323140
63.64,1760323320
63.54,1760323500
63.59,1760323680
63.58,1760323860
63.59,1760324040
63.54,1760324220
63.64,1760324400
63.56,1760324580
63.58,1760324760
63.64,1760324940
63.63,1760325120
63.54,1760325300
63.64,1760325480
63.69,1760325660
63.64,1760325840
63.65,1760326020
63.69,1760326200
63.67,1760326380
63.69,1760326560
63.71,1760326740
63.75,1760326920
63.78,1760327100
63.74,1760327280
63.8,1760327460
63.75,1760327640
63.74,1760327820
63.74,1760328000
63.73,1760328180
63.77,1760328360
63.78,1760328540
63.8,1760328720
63.78,1760328900
63.77,1760329080
63.75,1760329260
63.74,1760329440
63.77,1760329620
63.79,1760329800
63.81,1760329980
63.78,1760330160
63.79,1760330340
63.79,1760330520
63.77,1760330700
63.76,1760330880
63.7,1760331060
63.7,1760331240
63.68,1760331420
63.67,1760331600
63.75,1760331780
63.74,1760331960
63.73,1760332140
63.72,1760332320
63.73,1760332500
63.76,1760332680
63.72,1760332860
63.7,1760333040
63.69,1760333220
63.67,1760333400
63.67,1760333580
63.66,1760333760
63.63,1760333940
63.65,1760334120
63.62,1760334300
63.57,1760334480
63.57,1760334660
63.57,1760334840
63.58,1760335020
63.62,1760335200
63.62,1760335380
63.66,1760335560
63.64,1760335740
63.64,1760335920
63.63,1760336100
63.59,1760336280
63.59,1760336460
63.6,1760336640
63.6,1760336820
63.61,1760337000
63.61,1760337180
63.59,1760337360
63.6,1760337540
63.58,1760337720
63.57,1760337900
63.57,1760338080
63.55,1760338260
63.56,1760338440
63.53,1760338620
63.53,1760338800
63.54,1760338980
63.59,1760339160
63.63,1760339340
63.67,1760339520
63.68,1760339700
63.67,1760339880
63.66,1760340060
63.64,1760340240
63.59,1760340420
63.59,1760340600
63.6,1760340780
63.67,1760340960
63.66,1760341140
63.63,1760341320
63.62,1760341500
63.58,1760341680
63.61,1760341860
63.69,1760342040
63.65,1760342220
63.61,1760342400
63.64,1760342580
63.65,1760342760
63.66,1760342940
63.67,1760343120
63.62,1760343300
63.64,1760343480
63.64,1760343660
63.63,1760343840
63.59,1760344020
63.65,1760344200
63.68,1760344380
63.59,1760344560
63.61,1760344740
63.63,1760344920
63.68,1760345100
63.63,1760345280
63.69,1760345460
63.68,1760345640
63.67,1760345820
63.52,1760346000
63.58,1760346180
63.61,1760346360
63.65,1760346540
63.66,1760346720
63.69,1760346900
63.75,1760347080
63.65,1760347260
63.72,1760347440
63.72,1760347620
63.71,1760347800
63.74,1760347980
63.71,1760348160
63.72,1760348340
63.71,1760348520
63.68,1760348700
63.69,1760348880
63.67,1760349060
63.67,1760349240
63.65,1760349420
63.6,1760349600
63.6,1760349780
63.65,1760349960
63.68,1760350140
63.75,1760350320
63.66,1760350500
63.68,1760350680
63.61,1760350860
63.61,1760351040
63.58,1760351220
63.63,1760351400
63.55,1760351580
63.57,1760351760
63.6,1760351940
63.62,1760352120
63.68,1760352300
63.7,1760352480
63.78,1760352660
63.87,1760352840
63.86,1760353020
63.78,1760353200
63.74,1760353380
63.78,1760353560
63.85,1760353740
63.85,1760353920
63.87,1760354100
63.84,1760354280
63.81,1760354460
63.81,1760354640
63.79,1760354820
63.83,1760355000
63.83,1760355180
63.84,1760355360
63.8,1760355540
63.84,1760355720
63.91,1760355900
63.93,1760356080
63.9,1760356260
63.91,1760356440
63.88,1760356620
63.85,1760356800
63.84,1760356980
63.78,1760357160
63.77,1760357340
63.82,1760357520
63.91,1760357700
63.82,1760357880
63.8,1760358060
63.75,1760358240
63.71,1760358420
63.69,1760358600
63.67,1760358780
63.75,1760358960
63.74,1760359140
63.68,1760359320
63.68,1760359500
63.72,1760359680
63.72,1760359860
63.8,1760360040
63.74,1760360220
63.86,1760360400
63.81,1760360580
63.71,1760360760
63.67,1760360940
63.64,1760361120
63.64,1760361300
63.66,1760361480
63.73,1760361660
63.71,1760361840
63.68,1760362020
63.72,1760362200
63.74,1760362380
63.71,1760362560
63.66,1760362740
63.65,1760362920
63.58,1760363100
63.48,1760363280
63.53,1760363460
63.6,1760363640
63.56,1760363820
63.55,1760364000
63.59,1760364180
63.51,1760364360
63.47,1760364540
63.45,1760364720
63.34,1760364900
63.3,1760365080
63.19,1760365260
63.25,1760365440
63.19,1760365620
63.26,1760365800
63.32,1760365980
63.32,1760366160
63.29,1760366340
63.3,1760366520
63.32,1760366700
63.37,1760366880
63.29,1760367060
63.28,1760367240
63.22,1760367420
63.29,1760367600
63.24,1760367780
63.35,1760367960
63.36,1760368140
63.31,1760368320
63.38,1760368500
63.46,1760368680
63.44,1760368860
63.48,1760369040
63.43,1760369220
63.4,1760369400
63.26,1760369580
63.17,1760369760
63.17,1760369940
63.1,1760370120
63.11,1760370300
63.36,1760370480
63.44,1760370660
63.55,1760370840
63.59,1760371020
63.6,1760371200
63.66,1760371380
63.56,1760371560
63.56,1760371740
63.61,1760371920
63.63,1760372100
63.63,1760372280
63.59,1760372460
63.61,1760372640
63.76,1760372820
63.7,1760373000
63.62,1760373180
63.63,1760373360
63.62,1760373540
63.69,1760373720
63.71,1760373900
63.72,1760374080
63.66,1760374260
63.69,1760374440
63.72,1760374620
63.69,1760374800
63.58,1760374980
63.53,1760375160
63.62,1760375340
63.68,1760375520
63.71,1760375700
63.63,1760375880
63.52,1760376060
63.39,1760376240
63.38,1760376420
63.47,1760376600
63.43,1760376780
63.43,1760376960
63.39,1760377140
63.31,1760377320
63.23,1760377500
63.26,1760377680
63.25,1760377860
63.25,1760378040
63.27,1760378220
63.37,1760378400
63.41,1760378580
63.4,1760378760
63.37,1760378940
63.41,1760379120
63.39,1760379300
63.39,1760379480
63.43,1760379660
63.46,1760379840
63.38,1760380020
63.41,1760380200
63.37,1760380380
63.35,1760380560
63.4,1760380740
63.41,1760380920
63.39,1760381100
63.43,1760381280
63.45,1760381460
63.48,1760381640
63.47,1760381820
63.5,1760382000
63.49,1760382180
63.51,1760382360
63.49,1760382540
63.47,1760382720
63.49,1760382900
63.54,1760383080
63.52,1760383260
63.54,1760383440
63.52,1760383620
63.55,1760383800
63.54,1760383980
63.56,1760384160
63.57,1760384340
63.56,1760384520
63.53,1760384700
63.52,1760384880
63.57,1760385060
63.51,1760385240
63.54,1760385420
63.53,1760385600
63.5,1760385780
63.54,1760385960
63.53,1760386140
63.54,1760386320
63.46,1760386500
63.42,1760386680
63.38,1760386860
63.4,1760387040
63.32,1760387220
63.32,1760387400
63.41,1760387580
63.42,1760387760
63.43,1760387940
63.4,1760388120
63.36,1760388300
63.34,1760388480
63.33,1760388660
63.29,1760388840
63.29,1760389020
63.32,1760389200
63.38,1760389380
63.38,1760389560
63.41,1760389740
63.46,1760389920
63.47,1760390100
63.5,1760390280
63.49,1760390460
63.52,1760390640
63.51,1760390820
63.52,1760391000
63.54,1760391180
63.55,1760391360
63.56,1760391540
63.51,1760391720
63.49,1760391900
63.49,1760392080
63.48,1760392260
63.5,1760392440
63.5,1760392620
63.48,1760392800
63.54,1760392980
63.54,1760393160
63.54,1760393340
63.55,1760393520
63.51,1760393700
63.46,1760393880
63.42,1760394060
63.39,1760394240
63.42,1760394420
63.45,1760394600
63.46,1760394780
63.45,1760394960
63.43,1760395140
63.42,1760395320
63.46,1760395500
63.37,1760395680
63.4,1760395860
63.41,1760396040
63.39,1760396220
63.38,1760396400
63.36,1760398920
63.39,1760399820
63.51,1760407200
63.51,1760407380
63.54,1760407560
63.53,1760407740
63.54,1760407920
63.58,1760408100
63.58,1760408280
63.58,1760408460
63.61,1760408640
63.6,1760408820
63.61,1760409000
63.57,1760409180
63.59,1760409360
63.59,1760409540
63.6,1760409720
63.56,1760409900
63.55,1760410080
63.55,1760410260
63.55,1760410440
63.61,1760410620
63.61,1760410800
63.53,1760410980
63.54,1760411160
63.52,1760411340
63.53,1760411520
63.54,1760411700
63.56,1760411880
63.54,1760412060
63.56,1760412240
63.53,1760412420
63.6,1760412600
63.63,1760412780
63.62,1760412960
63.6,1760413140
63.59,1760413320
63.55,1760413500
63.54,1760413680
63.54,1760413860
63.5,1760414040
63.51,1760414220
63.49,1760414400
63.51,1760414580
63.51,1760414760
63.51,1760414940
63.51,1760415120
63.53,1760415300
63.55,1760415480
63.54,1760415660
63.54,1760415840
63.5,1760416020
63.5,1760416200
63.46,1760416380
63.5,1760416560
63.5,1760416740
63.51,1760416920
63.48,1760417100
63.46,1760417280
63.44,1760417460
63.46,1760417640
63.45,1760417820
63.45,1760418000
63.44,1760418180
63.42,1760418360
63.45,1760418540
63.49,1760418720
63.46,1760418900
63.48,1760419080
63.48,1760419260
63.48,1760419440
63.51,1760419620
63.52,1760419800
63.52,1760419980
63.53,1760420160
63.54,1760420340
63.52,1760420520
63.55,1760420700
63.57,1760420880
63.55,1760421060
63.54,1760421240
63.55,1760421420
63.55,1760421600
63.54,1760421780
63.55,1760421960
63.53,1760422140
63.53,1760422320
63.42,1760422500
63.35,1760422680
63.36,1760422860
63.35,1760423040
63.3,1760423220
63.31,1760423400
63.35,1760423580
63.37,1760423760
63.37,1760423940
63.37,1760424120
63.37,1760424300
63.35,1760424480
63.36,1760424660
63.34,1760424840
63.33,1760425020
63.31,1760425200
63.29,1760425380
63.28,1760425560
63.31,1760425740
63.3,1760425920
63.31,1760426100
63.32,1760426280
63.29,1760426460
63.3,1760426640
63.26,1760426820
63.21,1760427000
63.15,1760427180
63.08,1760427360
63.03,1760427540
63.07,1760427720
63.07,1760427900
63.14,1760428080
63.15,1760428260
63.08,1760428440
62.94,1760428620
62.99,1760428800
62.99,1760428980
63.05,1760429160
63.09,1760429340
63.15,1760429520
63.12,1760429700
63.07,1760429880
63.02,1760430060
63.05,1760430240
63.05,1760430420
63.05,1760430600
62.99,1760430780
62.91,1760430960
62.91,1760431140
62.9,1760431320
62.86,1760431500
62.92,1760431680
62.91,1760431860
62.83,1760432040
62.88,1760432220
62.74,1760432400
62.79,1760432580
62.67,1760432760
62.64,1760432940
62.65,1760433120
62.76,1760433300
62.64,1760433480
62.6,1760433660
62.55,1760433840
62.55,1760434020
62.51,1760434200
62.42,1760434380
62.4,1760434560
62.31,1760434740
62.28,1760434920
62.18,1760435100
62.25,1760435280
62.37,1760435460
62.39,1760435640
62.45,1760435820
62.3,1760436000
62.26,1760436180
62.17,1760436360
62.15,1760436540
62.23,1760436720
62.3,1760436900
62.28,1760437080
62.18,1760437260
62.17,1760437440
62.19,1760437620
62.14,1760437800
62.1,1760437980
61.95,1760438160
61.95,1760438340
61.93,1760438520
61.88,1760438700
61.96,1760438880
62.06,1760439060
62.18,1760439240
62.04,1760439420
62.02,1760439600
61.97,1760439780
61.94,1760439960
61.98,1760440140
61.98,1760440320
61.94,1760440500
61.81,1760440680
61.9,1760440860
61.95,1760441040
62.04,1760441220
62.14,1760441400
62.02,1760441580
61.89,1760441760
61.95,1760441940
61.93,1760442120
61.93,1760442300
62.04,1760442480
62.09,1760442660
62.2,1760442840
62.17,1760443020
62.18,1760443200
62.16,1760443380
62.1,1760443560
62.08,1760443740
61.97,1760443920
61.95,1760444100
61.96,1760444280
62.08,1760444460
62.12,1760444640
62.01,1760444820
61.89,1760445000
61.82,1760445180
61.76,1760445360
61.69,1760445540
61.57,1760445720
61.57,1760445900
61.55,1760446080
61.55,1760446260
61.52,1760446440
61.65,1760446620
61.77,1760446800
61.87,1760446980
61.88,1760447160
61.8,1760447340
61.89,1760447520
61.94,1760447700
61.91,1760447880
61.93,1760448060
61.99,1760448240
61.9,1760448420
61.98,1760448600
62.03,1760448780
62.11,1760448960
62.09,1760449140
62.06,1760449320
62.13,1760449500
62.12,1760449680
62.04,1760449860
62.07,1760450040
62.12,1760450220
62.15,1760450400
62.17,1760450580
62.12,1760450760
62.04,1760450940
62,1760451120
61.95,1760451300
61.91,1760451480
61.92,1760451660
61.96,1760451840
61.9,1760452020
61.87,1760452200
61.88,1760452380
61.91,1760452560
61.99,1760452740
61.99,1760452920
61.99,1760453100
61.94,1760453280
61.86,1760453460
61.82,1760453640
61.93,1760453820
61.87,1760454000
61.98,1760454180
62.11,1760454360
62.07,1760454540
62.02,1760454720
62.14,1760454900
62.19,1760455080
62.28,1760455260
62.33,1760455440
62.3,1760455620
62.38,1760455800
62.18,1760455980
62.14,1760456160
62.11,1760456340
61.97,1760456520
62.19,1760456700
62.11,1760456880
62.08,1760457060
62.1,1760457240
62.14,1760457420
62.09,1760457600
61.96,1760457780
61.89,1760457960
61.99,1760458140
62.04,1760458320
62.02,1760458500
62.14,1760458680
62.08,1760458860
62.16,1760459040
62.01,1760459220
62.17,1760459400
62.17,1760459580
62.09,1760459760
62.05,1760459940
61.96,1760460120
61.97,1760460300
62.03,1760460480
62.02,1760460660
62.11,1760460840
61.99,1760461020
61.92,1760461200
62.06,1760461380
62.02,1760461560
62.02,1760461740
62.02,1760461920
61.98,1760462100
62.05,1760462280
62,1760462460
62.07,1760462640
61.94,1760462820
61.82,1760463000
61.86,1760463180
61.81,1760463360
61.78,1760463540
61.88,1760463720
61.93,1760463900
62.03,1760464080
62.2,1760464260
62.11,1760464440
62.19,1760464620
62.23,1760464800
62.31,1760464980
62.23,1760465160
62.23,1760465340
62.24,1760465520
62.19,1760465700
62.33,1760465880
62.41,1760466060
62.39,1760466240
62.35,1760466420
62.41,1760466600
62.46,1760466780
62.42,1760466960
62.47,1760467140
62.38,1760467320
62.42,1760467500
62.42,1760467680
62.45,1760467860
62.41,1760468040
62.38,1760468220
62.45,1760468400
62.47,1760468580
62.48,1760468760
62.46,1760468940
62.48,1760469120
62.48,1760469300
62.51,1760469480
62.54,1760469660
62.55,1760469840
62.54,1760470020
62.49,1760470200
62.53,1760470380
62.57,1760470560
62.59,1760470740
62.57,1760470920
62.54,1760471100
62.58,1760471280
62.5,1760471460
62.47,1760471640
62.47,1760471820
62.43,1760472000
62.34,1760472180
62.33,1760472360
62.37,1760472540
62.45,1760472720
62.48,1760472900
62.47,1760473080
62.42,1760473260
62.43,1760473440
62.41,1760473620
62.52,1760473800
62.45,1760473980
62.43,1760474160
62.46,1760474340
62.45,1760474520
62.5,1760474700
62.52,1760474880
62.53,1760475060
62.56,1760475240
62.53,1760475420
62.47,1760475600
62.44,1760475780
62.4,1760475960
62.39,1760476140
62.4,1760476320
62.42,1760476500
62.4,1760476680
62.41,1760476860
62.41,1760477040
62.41,1760477220
62.36,1760477400
62.33,1760477580
62.18,1760477760
62.11,1760477940
62.08,1760478120
62.1,1760478300
62.12,1760478480
62.11,1760478660
62.13,1760478840
62.12,1760479020
62.19,1760479200
62.2,1760479380
62.19,1760479560
62.14,1760479740
62.15,1760479920
62.19,1760480100
62.21,1760480280
62.2,1760480460
62.26,1760480640
62.29,1760480820
62.34,1760481000
62.34,1760481180
62.34,1760481360
62.36,1760481540
62.32,1760481720
62.33,1760481900
62.24,1760482080
62.23,1760482260
62.25,1760482440
62.25,1760482620
62.26,1760482800
62.28,1760483160
62.24,1760483340
62.25,1760483520
62.21,1760484420
62.26,1760484780
62.29,1760484960
62.29,1760485320
62.3,1760485680
62.28,1760486220
62.31,1760493600
62.29,1760493780
62.28,1760493960
62.29,1760494140
62.31,1760494320
62.28,1760494500
62.27,1760494680
62.27,1760494860
62.25,1760495040
62.27,1760495220
62.26,1760495400
62.26,1760495580
62.26,1760495760
62.28,1760495940
62.31,1760496120
62.32,1760496300
62.29,1760496480
62.29,1760496660
62.3,1760496840
62.29,1760497020
62.27,1760497200
62.33,1760497380
62.33,1760497560
62.3,1760497740
62.31,1760497920
62.33,1760498100
62.31,1760498280
62.3,1760498460
62.34,1760498640
62.29,1760498820
62.25,1760499000
62.25,1760499180
62.26,1760499360
62.21,1760499540
62.24,1760499720
62.29,1760499900
62.26,1760500080
62.27,1760500260
62.32,1760500440
62.3,1760500620
62.32,1760500800
62.34,1760500980
62.32,1760501160
62.33,1760501340
62.33,1760501520
62.34,1760501700
62.39,1760501880
62.4,1760502060
62.39,1760502240
62.36,1760502420
62.29,1760502600
62.27,1760502780
62.23,1760502960
62.24,1760503140
62.23,1760503320
62.2,1760503500
62.18,1760503680
62.19,1760503860
62.15,1760504040
62.14,1760504220
62.12,1760504400
62.07,1760504580
62.04,1760504760
62.1,1760504940
62.07,1760505120
62.09,1760505300
62.1,1760505480
62.11,1760505660
62.16,1760505840
62.14,1760506020
62.24,1760506200
62.25,1760506380
62.27,1760506560
62.23,1760506740
62.23,1760506920
62.22,1760507100
62.2,1760507460
62.17,1760507640
62.16,1760507820
62.13,1760508000
62.14,1760508180
62.11,1760508360
62.12,1760508540
62.13,1760508720
62.17,1760508900
62.17,1760509080
62.17,1760509260
62.18,1760509440
62.18,1760509620
62.2,1760509800
62.18,1760509980
62.17,1760510160
62.16,1760510340
62.18,1760510520
62.18,1760510700
62.18,1760510880
62.16,1760511060
62.16,1760511240
62.17,1760511420
62.21,1760511600
62.23,1760511780
62.28,1760511960
62.28,1760512140
62.28,1760512320
62.28,1760512500
62.25,1760512680
62.23,1760512860
62.22,1760513040
62.21,1760513220
62.19,1760513400
62.21,1760513580
62.21,1760513760
62.18,1760513940
62.2,1760514120
62.19,1760514300
62.24,1760514480
62.24,1760514660
62.25,1760514840
62.22,1760515020
62.28,1760515200
62.34,1760515380
62.27,1760515560
62.3,1760515740
62.4,1760515920
62.43,1760516100
62.42,1760516280
62.4,1760516460
62.35,1760516640
62.3,1760516820
62.29,1760517000
62.34,1760517180
62.28,1760517360
62.29,1760517540
62.3,1760517720
62.34,1760517900
62.37,1760518080
62.4,1760518260
62.39,1760518440
62.34,1760518620
62.22,1760518800
62.31,1760518980
62.27,1760519160
62.23,1760519340
62.2,1760519520
62.24,1760519700
62.15,1760519880
62.15,1760520060
62.19,1760520240
62.21,1760520420
62.19,1760520600
62.15,1760520780
62.16,1760520960
62.24,1760521140
62.32,1760521320
62.28,1760521500
62.31,1760521680
62.34,1760521860
62.32,1760522040
62.32,1760522220
62.37,1760522400
62.35,1760522580
62.34,1760522760
62.43,1760522940
62.41,1760523120
62.46,1760523300
62.48,1760523480
62.49,1760523660
62.51,1760523840
62.42,1760524020
62.43,1760524200
62.48,1760524380
62.41,1760524560
62.35,1760524740
62.25,1760524920
62.2,1760525100
62.2,1760525280
62.18,1760525460
62.28,1760525640
62.29,1760525820
62.45,1760526000
62.46,1760526180
62.4,1760526360
62.32,1760526540
62.38,1760526720
62.38,1760526900
62.36,1760527080
62.3,1760527260
62.34,1760527440
62.36,1760527620
62.3,1760527800
62.3,1760527980
62.21,1760528160
62.23,1760528340
62.23,1760528520
62.27,1760528700
62.3,1760528880
62.36,1760529060
62.35,1760529240
62.34,1760529420
62.36,1760529600
62.34,1760529780
62.35,1760529960
62.43,1760530140
62.45,1760530320
62.46,1760530500
62.41,1760530680
62.41,1760530860
62.36,1760531040
62.37,1760531220
62.32,1760531400
62.32,1760531580
62.29,1760531760
62.25,1760531940
62.24,1760532120
62.28,1760532300
62.35,1760532480
62.36,1760532660
62.36,1760532840
62.31,1760533020
62.25,1760533200
62.32,1760533380
62.33,1760533560
62.26,1760533740
62.28,1760533920
62.27,1760534100
62.32,1760534280
62.31,1760534460
62.35,1760534640
62.42,1760534820
62.47,1760535000
62.49,1760535180
62.46,1760535360
62.46,1760535540
62.41,1760535720
62.42,1760535900
62.38,1760536080
62.35,1760536260
62.41,1760536440
62.48,1760536620
62.47,1760536800
62.44,1760536980
62.49,1760537160
62.59,1760537340
62.64,1760537520
62.7,1760537700
62.73,1760537880
62.74,1760538060
62.75,1760538240
62.75,1760538420
62.68,1760538600
62.7,1760538780
62.65,1760538960
62.65,1760539140
62.64,1760539320
62.69,1760539500
62.73,1760539680
62.81,1760539860
63.01,1760540040
62.91,1760540220
62.8,1760540400
62.81,1760540580
62.84,1760540760
62.84,1760540940
62.86,1760541120
62.87,1760541300
62.84,1760541480
62.85,1760541660
62.75,1760541840
62.77,1760542020
62.85,1760542200
62.77,1760542380
62.7,1760542560
62.67,1760542740
62.63,1760542920
62.55,1760543100
62.58,1760543280
62.5,1760543460
62.54,1760543640
62.57,1760543820
62.58,1760544000
62.57,1760544180
62.57,1760544360
62.51,1760544540
62.56,1760544720
62.51,1760544900
62.52,1760545080
62.52,1760545260
62.51,1760545440
62.47,1760545620
62.47,1760545800
62.54,1760545980
62.51,1760546160
62.52,1760546340
62.55,1760546520
62.51,1760546700
62.49,1760546880
62.46,1760547060
62.39,1760547240
62.3,1760547420
62.33,1760547600
62.29,1760547780
62.22,1760547960
62.16,1760548140
62.02,1760548320
62,1760548500
62.02,1760548680
62.02,1760548860
62.12,1760549040
62.07,1760549220
62.05,1760549400
61.98,1760549580
61.99,1760549760
62.03,1760549940
62.02,1760550120
62,1760550300
62.03,1760550480
62,1760550660
62.04,1760550840
61.99,1760551020
62.02,1760551200
61.99,1760551380
61.93,1760551560
61.82,1760551740
61.94,1760551920
61.85,1760552100
61.85,1760552280
61.85,1760552460
61.85,1760552640
61.86,1760552820
61.85,1760553000
61.84,1760553180
61.86,1760553360
61.81,1760553540
61.91,1760553720
61.91,1760553900
61.99,1760554080
62.01,1760554260
62.05,1760554440
62.13,1760554620
62.13,1760554800
62.1,1760554980
62.07,1760555160
61.92,1760555340
61.91,1760555520
61.91,1760555700
61.86,1760555880
61.88,1760556060
61.97,1760556240
61.94,1760556420
61.99,1760556600
62.06,1760556780
62.08,1760556960
62.05,1760557140
62.06,1760557320
62.01,1760557500
62.04,1760557680
62,1760557860
62,1760558040
61.97,1760558220
61.99,1760558400
61.93,1760558580
61.96,1760558760
61.97,1760558940
61.99,1760559120
61.97,1760559300
61.97,1760559480
61.89,1760559660
61.95,1760559840
61.94,1760560020
61.91,1760560200
61.96,1760560380
62,1760560560
62.07,1760560740
62.1,1760560920
62.1,1760561100
62.13,1760561280
62.12,1760561460
62.13,1760561640
62.2,1760561820
62.2,1760562000
62.19,1760562180
62.17,1760562360
62.19,1760562540
62.19,1760562720
62.24,1760562900
62.26,1760563080
62.28,1760563260
62.3,1760563440
62.27,1760563620
62.25,1760563800
62.21,1760563980
62.19,1760564160
62.17,1760564340
62.16,1760564520
62.17,1760564700
62.13,1760564880
62.11,1760565060
62.12,1760565240
62.13,1760565420
62.15,1760565600
62.15,1760565780
62.24,1760565960
62.23,1760566140
62.23,1760566320
62.24,1760566500
62.31,1760566680
62.34,1760566860
62.43,1760567040
62.4,1760567220
62.46,1760567400
62.44,1760567580
62.46,1760567760
62.44,1760567940
62.4,1760568120
62.42,1760568300
62.43,1760568480
62.45,1760568660
62.46,1760568840
62.43,1760569020
62.42,1760569200
62.43,1760569380
62.44,1760569560
62.45,1760569740
62.45,1760569920
62.45,1760570100
62.41,1760570280
62.4,1760570460
62.42,1760570820
62.4,1760571000
62.4,1760571180
62.4,1760571360
62.4,1760571540
62.4,1760571720
62.4,1760571900
62.4,1760572080
62.45,1760572260
62.45,1760572440
62.47,1760572620
62.51,1760580000
62.51,1760580180
62.57,1760580360
62.6,1760580540
62.66,1760580720
62.64,1760580900
62.61,1760581080
62.59,1760581260
62.57,1760581440
62.51,1760581620
62.48,1760581800
62.47,1760581980
62.45,1760582160
62.49,1760582340
62.5,1760582520
62.46,1760582700
62.45,1760582880
62.46,1760583060
62.5,1760583240
62.45,1760583420
62.43,1760583600
62.49,1760583780
62.5,1760583960
62.45,1760584140
62.42,1760584320
62.42,1760584500
62.42,1760584680
62.37,1760584860
62.34,1760585040
62.34,1760585220
62.36,1760585400
62.34,1760585580
62.35,1760585760
62.36,1760585940
62.39,1760586120
62.4,1760586300
62.39,1760586480
62.41,1760586660
62.41,1760586840
62.37,1760587020
62.39,1760587200
62.4,1760587380
62.41,1760587560
62.38,1760587740
62.38,1760587920
62.39,1760588100
62.42,1760588280
62.42,1760588460
62.42,1760588640
62.39,1760588820
62.33,1760589000
62.4,1760589180
62.4,1760589360
62.36,1760589540
62.34,1760589720
62.32,1760589900
62.34,1760590080
62.34,1760590260
62.34,1760590440
62.37,1760590620
62.35,1760590800
62.38,1760590980
62.37,1760591160
62.39,1760591340
62.37,1760591520
62.41,1760591700
62.44,1760591880
62.42,1760592060
62.39,1760592240
62.37,1760592420
62.38,1760592600
62.39,1760592780
62.38,1760592960
62.4,1760593140
62.4,1760593320
62.38,1760593500
62.37,1760593680
62.39,1760593860
62.39,1760594040
62.47,1760594220
62.44,1760594400
62.45,1760594580
62.49,1760594760
62.47,1760594940
62.49,1760595120
62.5,1760595300
62.49,1760595480
62.47,1760595660
62.47,1760595840
62.45,1760596020
62.47,1760596200
62.46,1760596380
62.46,1760596740
62.46,1760596920
62.47,1760597100
62.47,1760597280
62.47,1760597460
62.47,1760597640
62.47,1760597820
62.47,1760598000
62.45,1760598180
62.43,1760598360
62.43,1760598540
62.42,1760598720
62.41,1760598900
62.41,1760599080
62.37,1760599260
62.31,1760599440
62.3,1760599620
62.36,1760599800
62.35,1760599980
62.34,1760600160
62.41,1760600340
62.4,1760600520
62.31,1760600700
62.38,1760600880
62.37,1760601060
62.41,1760601240
62.4,1760601420
62.41,1760601600
62.42,1760601780
62.4,1760601960
62.41,1760602140
62.38,1760602320
62.39,1760602500
62.38,1760602680
62.41,1760602860
62.39,1760603040
62.46,1760603220
62.51,1760603400
62.53,1760603580
62.48,1760603760
62.45,1760603940
62.47,1760604120
62.48,1760604300
62.48,1760604480
62.46,1760604660
62.48,1760604840
62.44,1760605020
62.43,1760605200
62.45,1760605380
62.47,1760605560
62.44,1760605740
62.43,1760605920
62.51,1760606100
62.35,1760606280
62.43,1760606460
62.46,1760606640
62.51,1760606820
62.55,1760607000
62.58,1760607180
62.52,1760607360
62.48,1760607540
62.5,1760607720
62.57,1760607900
62.64,1760608080
62.66,1760608260
62.72,1760608440
62.66,1760608620
62.64,1760608800
62.62,1760608980
62.36,1760609160
62.47,1760609340
62.43,1760609520
62.37,1760609700
62.41,1760609880
62.38,1760610060
62.36,1760610240
62.38,1760610420
62.42,1760610600
62.4,1760610780
62.39,1760610960
62.38,1760611140
62.39,1760611320
62.34,1760611500
62.39,1760611680
62.33,1760611860
62.29,1760612040
62.32,1760612220
62.34,1760612400
62.29,1760612580
62.34,1760612760
62.4,1760612940
62.26,1760613120
62.27,1760613300
62.28,1760613480
62.22,1760613660
62.2,1760613840
62.19,1760614020
62.13,1760614200
62.21,1760614380
62.26,1760614560
62.25,1760614740
62.19,1760614920
62.17,1760615100
62.11,1760615280
62.09,1760615460
62.12,1760615640
62.11,1760615820
62.11,1760616000
62.13,1760616180
62.21,1760616360
62.19,1760616540
62.16,1760616720
62.19,1760616900
62.17,1760617080
62.2,1760617260
62.12,1760617440
62.09,1760617620
62.13,1760617800
62.21,1760617980
62.26,1760618160
62.23,1760618340
62.25,1760618520
62.22,1760618700
62.3,1760618880
62.27,1760619060
62.28,1760619240
62.27,1760619420
62.35,1760619600
62.32,1760619780
62.38,1760619960
62.34,1760620140
62.41,1760620320
62.37,1760620500
62.36,1760620680
62.35,1760620860
62.37,1760621040
62.5,1760621220
62.45,1760621400
62.46,1760621580
62.5,1760621760
62.45,1760621940
62.39,1760622120
62.37,1760622300
62.35,1760622480
62.35,1760622660
62.36,1760622840
62.26,1760623020
62.23,1760623200
62.28,1760623380
62.24,1760623560
62.26,1760623740
62.24,1760623920
62.22,1760624100
62.17,1760624280
62.23,1760624460
62.21,1760624640
62.24,1760624820
62.26,1760625000
62.3,1760625180
62.26,1760625360
62.19,1760625540
62.27,1760625720
62.3,1760625900
62.2,1760626080
62.2,1760626260
62.22,1760626440
62.13,1760626620
62.09,1760626800
62.09,1760626980
62.13,1760627160
62.13,1760627340
62.13,1760627520
62.21,1760627700
62.23,1760627880
62.23,1760628060
62.16,1760628240
62.23,1760628420
62.17,1760628600
62.21,1760628780
62.1,1760628960
61.99,1760629140
61.99,1760629320
61.97,1760629500
61.95,1760629680
61.95,1760629860
61.97,1760630040
62.06,1760630220
62,1760630400
62.02,1760630580
61.97,1760630760
61.9,1760630940
61.86,1760631120
61.97,1760631300
62.03,1760631480
61.98,1760631660
61.94,1760631840
61.99,1760632020
61.95,1760632200
62,1760632380
61.95,1760632560
61.91,1760632740
61.89,1760632920
61.97,1760633100
61.91,1760633280
61.86,1760633460
61.87,1760633640
61.99,1760633820
62.13,1760634000
62.09,1760634180
62.14,1760634360
62.1,1760634540
62.16,1760634720
62.21,1760634900
62.09,1760635080
62.05,1760635260
62.01,1760635440
61.86,1760635620
61.81,1760635800
61.69,1760635980
61.62,1760636160
61.53,1760636340
61.41,1760636520
61.71,1760636700
61.76,1760636880
61.73,1760637060
61.75,1760637240
61.84,1760637420
61.91,1760637600
61.96,1760637780
61.85,1760637960
61.89,1760638140
61.9,1760638320
61.77,1760638500
61.84,1760638680
61.77,1760638860
61.77,1760639040
61.76,1760639220
61.55,1760639400
61.55,1760639580
61.7,1760639760
61.62,1760639940
61.51,1760640120
61.37,1760640300
61.24,1760640480
61.09,1760640660
61.27,1760640840
61.35,1760641020
61.39,1760641200
61.37,1760641380
61.39,1760641560
61.24,1760641740
61.23,1760641920
61.18,1760642100
61.24,1760642280
61.14,1760642460
61.12,1760642640
61.08,1760642820
61.21,1760643000
61.17,1760643180
61.17,1760643360
61.1,1760643540
61.08,1760643720
61.02,1760643900
61.04,1760644080
61,1760644260
61.01,1760644440
61.03,1760644620
61.09,1760644800
60.99,1760644980
61.08,1760645160
60.99,1760645340
60.98,1760645520
60.89,1760645700
60.92,1760645880
60.96,1760646060
60.93,1760646240
61.1,1760646420
61.16,1760646600
61.15,1760646780
61.18,1760646960
61.19,1760647140
61.26,1760647320
61.26,1760647500
61.12,1760647680
61.17,1760647860
61.18,1760648040
61.2,1760648220
61.18,1760648400
61.18,1760648580
61.19,1760648760
61.16,1760648940
61.18,1760649120
61.11,1760649300
61.12,1760649480
61.07,1760649660
61.08,1760649840
61.07,1760650020
61.05,1760650200
61.03,1760650380
61.03,1760650560
61.03,1760650740
61.05,1760650920
61.06,1760651100
61.15,1760651280
61.12,1760651460
61.1,1760651640
61.11,1760651820
61.1,1760652000
61.1,1760652180
61.05,1760652360
61.02,1760652540
61.02,1760652720
61.06,1760652900
61.07,1760653080
61.05,1760653260
61.08,1760653440
61.12,1760653620
61.12,1760653800
61.11,1760653980
61.1,1760654160
61.07,1760654340
61.08,1760654520
61.09,1760654700
60.98,1760654880
61.01,1760655060
60.97,1760655240
61.06,1760655420
61.04,1760655600
61.02,1760655780
61.02,1760655960
61.01,1760656140
61.01,1760656320
61.01,1760656500
61.01,1760656860
61.01,1760657760
61.04,1760658120
61.01,1760658300
61.01,1760658660
61,1760658840
61.02,1760659020
60.98,1760666400
60.94,1760666580
60.97,1760666760
60.98,1760666940
60.92,1760667120
60.92,1760667300
61,1760667480
60.99,1760667660
60.99,1760667840
60.97,1760668020
60.96,1760668200
60.98,1760668380
61.01,1760668560
61,1760668740
61.03,1760668920
61.01,1760669100
61.04,1760669280
61.02,1760669460
61.03,1760669640
61.05,1760669820
60.99,1760670000
60.94,1760670180
60.96,1760670360
60.97,1760670540
60.96,1760670720
60.98,1760670900
60.98,1760671080
60.99,1760671260
61.02,1760671440
60.99,1760671620
60.96,1760671800
60.98,1760671980
60.99,1760672160
60.92,1760672340
60.85,1760672520
60.87,1760672700
60.76,1760672880
60.73,1760673060
60.71,1760673240
60.7,1760673420
60.64,1760673600
60.63,1760673780
60.62,1760673960
60.63,1760674140
60.69,1760674320
60.72,1760674500
60.81,1760674680
60.76,1760674860
60.78,1760675040
60.75,1760675220
60.77,1760675400
60.78,1760675580
60.84,1760675760
60.82,1760675940
60.84,1760676120
60.86,1760676300
60.93,1760676480
60.91,1760676660
60.91,1760676840
60.9,1760677020
60.89,1760677200
60.85,1760677380
60.87,1760677560
60.87,1760677740
60.88,1760677920
60.9,1760678100
60.91,1760678280
60.9,1760678460
60.9,1760678640
60.91,1760678820
60.97,1760679000
60.98,1760679180
60.91,1760679360
60.92,1760679540
60.91,1760679720
60.92,1760679900
60.86,1760680080
60.84,1760680260
60.87,1760680440
60.9,1760680620
60.91,1760680800
60.96,1760680980
60.93,1760681160
61.02,1760681340
61.08,1760681520
61.05,1760681700
61.04,1760681880
61.04,1760682060
61.04,1760682240
61.08,1760682420
61.04,1760682600
61.01,1760682780
60.96,1760682960
60.98,1760683140
61.02,1760683320
61.04,1760683500
61.07,1760683680
61.05,1760683860
60.9,1760684040
60.88,1760684220
60.86,1760684400
60.88,1760684580
60.89,1760684760
60.89,1760684940
60.89,1760685120
60.9,1760685300
60.92,1760685480
60.93,1760685660
60.92,1760685840
60.94,1760686020
60.85,1760686200
60.87,1760686380
60.9,1760686560
60.9,1760686740
60.93,1760686920
60.93,1760687100
60.91,1760687280
60.94,1760687460
60.85,1760687640
60.87,1760687820
60.83,1760688000
60.84,1760688180
60.86,1760688360
60.82,1760688540
60.79,1760688720
60.84,1760688900
60.81,1760689080
60.83,1760689260
60.84,1760689440
60.94,1760689620
60.96,1760689800
61.01,1760689980
61,1760690160
60.91,1760690340
60.88,1760690520
60.87,1760690700
60.79,1760690880
60.73,1760691060
60.65,1760691240
60.64,1760691420
60.62,1760691600
60.56,1760691780
60.53,1760691960
60.66,1760692140
60.63,1760692320
60.65,1760692500
60.58,1760692680
60.56,1760692860
60.67,1760693040
60.6,1760693220
60.52,1760693400
60.54,1760693580
60.55,1760693760
60.61,1760693940
60.64,1760694120
60.71,1760694300
60.68,1760694480
60.79,1760694660
60.78,1760694840
60.72,1760695020
60.75,1760695200
60.69,1760695380
60.72,1760695560
60.73,1760695740
60.68,1760695920
60.64,1760696100
60.61,1760696280
60.59,1760696460
60.62,1760696640
60.56,1760696820
60.38,1760697000
60.33,1760697180
60.4,1760697360
60.44,1760697540
60.41,1760697720
60.4,1760697900
60.45,1760698080
60.44,1760698260
60.45,1760698440
60.35,1760698620
60.32,1760698800
60.27,1760698980
60.23,1760699160
60.27,1760699340
60.43,1760699520
60.37,1760699700
60.4,1760699880
60.43,1760700060
60.45,1760700240
60.41,1760700420
60.42,1760700600
60.42,1760700780
60.53,1760700960
60.47,1760701140
60.39,1760701320
60.22,1760701500
60.25,1760701680
60.22,1760701860
60.32,1760702040
60.43,1760702220
60.39,1760702400
60.39,1760702580
60.41,1760702760
60.38,1760702940
60.36,1760703120
60.33,1760703300
60.33,1760703480
60.35,1760703660
60.31,1760703840
60.4,1760704020
60.46,1760704200
60.57,1760704380
60.62,1760704560
60.7,1760704740
60.72,1760704920
60.67,1760705100
60.61,1760705280
60.67,1760705460
60.75,1760705640
60.62,1760705820
60.72,1760706000
60.69,1760706180
60.75,1760706360
60.83,1760706540
61.01,1760706720
60.84,1760706900
60.83,1760707080
60.85,1760707260
60.84,1760707440
60.9,1760707620
60.97,1760707800
60.92,1760707980
60.92,1760708160
60.88,1760708340
60.97,1760708520
60.99,1760708700
61,1760708880
60.95,1760709060
61.01,1760709240
61.03,1760709420
61.02,1760709600
61,1760709780
61.17,1760709960
61.13,1760710140
61.06,1760710320
61.04,1760710500
61.05,1760710680
61.07,1760710860
60.96,1760711040
61.1,1760711220
61.14,1760711400
61.18,1760711580
61.23,1760711760
61.15,1760711940
61.25,1760712120
61.22,1760712300
61.21,1760712480
61.17,1760712660
61.23,1760712840
61.14,1760713020
61,1760713200
60.88,1760713380
60.97,1760713560
61,1760713740
61.12,1760713920
61.1,1760714100
61.15,1760714280
61.12,1760714460
61.04,1760714640
61.02,1760714820
60.83,1760715000
60.99,1760715180
61.16,1760715360
61.03,1760715540
60.97,1760715720
60.98,1760715900
61.06,1760716080
61.05,1760716260
61.11,1760716440
60.98,1760716620
61.13,1760716800
61.02,1760716980
61,1760717160
61,1760717340
61.1,1760717520
61.15,1760717700
61.15,1760717880
60.99,1760718060
61.06,1760718240
61.09,1760718420
61.04,1760718600
60.93,1760718780
61.03,1760718960
61,1760719140
61.02,1760719320
61.12,1760719500
61.13,1760719680
61.13,1760719860
61.08,1760720040
61.06,1760720220
61.25,1760720400
61.23,1760720580
61.21,1760720760
61.03,1760720940
60.88,1760721120
60.95,1760721300
61.01,1760721480
61,1760721660
61.05,1760721840
61,1760722020
61.05,1760722200
60.97,1760722380
61,1760722560
61.11,1760722740
61.07,1760722920
61.05,1760723100
61.08,1760723280
61.1,1760723460
61.17,1760723640
61.16,1760723820
61.11,1760724000
61.18,1760724180
61.16,1760724360
61.19,1760724540
61.19,1760724720
61.19,1760724900
61.17,1760725080
61.15,1760725260
61.09,1760725440
61.12,1760725620
61.07,1760725800
61.03,1760725980
61.08,1760726160
61.08,1760726340
60.98,1760726520
60.98,1760726700
60.97,1760726880
60.97,1760727060
60.84,1760727240
60.92,1760727420
60.89,1760727600
61.03,1760727780
61.05,1760727960
61,1760728140
61.04,1760728320
61.03,1760728500
61.02,1760728680
61,1760728860
60.98,1760729040
60.96,1760729220
60.97,1760729400
60.99,1760729580
61.06,1760729760
61.09,1760729940
61.12,1760730120
61.23,1760730300
61.16,1760730480
61.19,1760730660
61.19,1760730840
61.15,1760731020
61.16,1760731200
61.22,1760731380
61.32,1760731560
61.33,1760731740
61.31,1760731920
61.39,1760732100
61.37,1760732280
61.33,1760732460
61.38,1760732640
61.25,1760732820
61.36,1760733000
61.38,1760733180
61.38,1760733360
61.33,1760733540
61.31,1760733720
61.33,1760733900
61.34,1760734080
61.33,1760734260
61.34,1760734440
61.31,1760734620
61.24,1760734800
61.3,1760734980
61.31,1760735160
61.34,1760735340
61.31,1760735520
61.29,1760735700
61.36,1760735880
61.38,1760736060
61.34,1760736240
61.35,1760736420
61.33,1760736600
61.34,1760736780
61.34,1760736960
61.33,1760737140
61.36,1760737320
61.32,1760737500
61.3,1760737680
61.29,1760737860
61.28,1760738040
61.29,1760738220
61.38,1760738400
61.4,1760738580
61.38,1760738760
61.39,1760738940
61.4,1760739120
61.35,1760739300
61.32,1760739480
61.34,1760739660
61.35,1760739840
61.33,1760740020
61.33,1760740200
61.33,1760740380
61.33,1760740560
61.33,1760740740
61.31,1760740920
61.26,1760741100
61.3,1760741280
61.33,1760741460
61.33,1760741640
61.37,1760741820
61.36,1760742000
61.35,1760742180
61.37,1760742720
61.36,1760742900
61.35,1760743260
61.35,1760743440
61.35,1760743620
61.35,1760743800
61.37,1760743980
61.35,1760744160
61.35,1760744340
61.35,1760744520
61.34,1760744700
61.37,1760745240
61.34,1760745420
61.53,1760918400
61.51,1760918580
61.51,1760918760
61.51,1760918940
61.55,1760919120
61.55,1760919300
61.49,1760919480
61.5,1760919660
61.48,1760919840
61.48,1760920020
61.41,1760920200
61.4,1760920380
61.4,1760920560
61.42,1760920740
61.34,1760920920
61.28,1760921100
61.28,1760921280
61.22,1760921460
61.26,1760921640
61.27,1760921820
61.29,1760922000
61.29,1760922180
61.3,1760922360
61.32,1760922540
61.28,1760922720
61.28,1760922900
61.25,1760923080
61.24,1760923260
61.18,1760923440
61.2,1760923620
61.19,1760923800
61.14,1760923980
61.1,1760924160
61.11,1760924340
61.11,1760924520
61.08,1760924700
61.06,1760924880
61.07,1760925060
61.08,1760925240
61.04,1760925420
61.09,1760925600
61.08,1760925780
61.06,1760925960
61.04,1760926140
61.03,1760926320
61.05,1760926500
61.08,1760926680
61.03,1760926860
61.03,1760927040
61.03,1760927220
61.06,1760927400
61.05,1760927580
61.1,1760927760
61.1,1760927940
61.11,1760928120
61.13,1760928300
61.12,1760928480
61.15,1760928660
61.12,1760928840
61.11,1760929020
61.07,1760929200
61.12,1760929380
61.07,1760929560
61.13,1760929740
61.16,1760929920
61.17,1760930100
61.14,1760930280
61.09,1760930460
61.06,1760930640
61.03,1760930820
60.98,1760931000
60.96,1760931180
60.9,1760931360
60.93,1760931540
60.93,1760931720
60.9,1760931900
60.92,1760932080
60.93,1760932260
60.96,1760932440
61.01,1760932620
61.03,1760932800
61.04,1760932980
61.06,1760933160
61.11,1760933340
61.08,1760933520
61.11,1760933700
61.1,1760933880
61.1,1760934060
61.13,1760934240
61.13,1760934420
61.07,1760934600
61.1,1760934780
61.1,1760934960
61.11,1760935140
61.13,1760935320
61.17,1760935500
61.16,1760935680
61.15,1760935860
61.07,1760936040
61.08,1760936220
61.08,1760936400
61.04,1760936580
61.05,1760936760
61.09,1760936940
61.09,1760937120
61.1,1760937300
61.1,1760937480
61.07,1760937660
61.06,1760937840
61.07,1760938020
61.07,1760938200
61.08,1760938380
61.08,1760938560
61.11,1760938740
61.11,1760938920
61.14,1760939100
61.14,1760939280
61.12,1760939460
61.1,1760939640
61.1,1760939820
61.07,1760940000
61.1,1760940180
61.07,1760940360
61.04,1760940540
61.05,1760940720
61.04,1760940900
61.03,1760941080
61.03,1760941260
61.03,1760941440
61.03,1760941620
61.06,1760941800
61.1,1760941980
61.09,1760942160
61.09,1760942340
61.08,1760942520
61.1,1760942700
61.1,1760942880
61.13,1760943060
61.11,1760943240
61.1,1760943420
61.09,1760943600
61.06,1760943780
61.06,1760943960
61.07,1760944140
61.05,1760944320
61.06,1760944500
61.02,1760944680
61.02,1760944860
61.01,1760945040
60.99,1760945220
60.97,1760945400
60.97,1760945580
60.96,1760945760
60.98,1760945940
61.01,1760946120
60.96,1760946300
60.96,1760946480
60.96,1760946660
60.93,1760946840
60.94,1760947020
60.92,1760947200
60.84,1760947380
60.78,1760947560
60.79,1760947740
60.73,1760947920
60.82,1760948100
60.82,1760948280
60.81,1760948460
60.82,1760948640
60.79,1760948820
60.79,1760949000
60.8,1760949180
60.76,1760949360
60.82,1760949540
60.84,1760949720
60.82,1760949900
60.76,1760950080
60.77,1760950260
60.79,1760950440
60.74,1760950620
60.86,1760950800
60.81,1760950980
60.85,1760951160
60.84,1760951340
60.88,1760951520
60.97,1760951700
60.99,1760951880
60.95,1760952060
60.94,1760952240
60.9,1760952420
61.02,1760952600
60.95,1760952780
60.88,1760952960
60.9,1760953140
60.91,1760953320
60.86,1760953500
60.84,1760953680
60.79,1760953860
60.74,1760954040
60.79,1760954220
60.9,1760954400
60.9,1760954580
60.84,1760954760
60.83,1760954940
60.81,1760955120
60.86,1760955300
60.86,1760955480
60.9,1760955660
60.97,1760955840
60.9,1760956020
60.87,1760956200
60.84,1760956380
60.81,1760956560
60.93,1760956740
61.02,1760956920
61.07,1760957100
61.03,1760957280
61.02,1760957460
61.04,1760957640
61.09,1760957820
61.03,1760958000
61.01,1760958180
61.07,1760958360
61.07,1760958540
61.09,1760958720
61.16,1760958900
61.15,1760959080
61.09,1760959260
61.16,1760959440
61.18,1760959620
61.21,1760959800
61.13,1760959980
61.14,1760960160
61.11,1760960340
61.06,1760960520
61.07,1760960700
61.04,1760960880
61.1,1760961060
61.04,1760961240
60.99,1760961420
61.01,1760961600
61.04,1760961780
61.03,1760961960
61.17,1760962140
61.18,1760962320
61.17,1760962500
61.15,1760962680
61.12,1760962860
61.12,1760963040
61.07,1760963220
60.99,1760963400
60.96,1760963580
61.01,1760963760
60.92,1760963940
60.96,1760964120
60.91,1760964300
60.86,1760964480
60.85,1760964660
60.89,1760964840
60.88,1760965020
60.8,1760965200
60.74,1760965380
60.77,1760965560
60.72,1760965740
60.7,1760965920
60.8,1760966100
60.82,1760966280
60.84,1760966460
60.84,1760966640
60.81,1760966820
60.78,1760967000
60.76,1760967180
60.8,1760967360
60.78,1760967540
60.8,1760967720
60.8,1760967900
60.83,1760968080
60.84,1760968260
60.86,1760968440
60.83,1760968620
60.9,1760968800
60.9,1760968980
60.88,1760969160
60.9,1760969340
60.85,1760969520
60.92,1760969700
60.89,1760969880
60.9,1760970060
60.85,1760970240
60.86,1760970420
60.87,1760970600
60.85,1760970780
60.9,1760970960
60.82,1760971140
60.75,1760971320
60.79,1760971500
60.83,1760971680
60.85,1760971860
60.64,1760972040
60.63,1760972220
60.35,1760972400
60.15,1760972580
60.3,1760972760
60.29,1760972940
60.27,1760973120
60.35,1760973300
60.34,1760973480
60.44,1760973660
60.41,1760973840
60.43,1760974020
60.54,1760974200
60.66,1760974380
60.69,1760974560
60.72,1760974740
60.65,1760974920
60.7,1760975100
60.81,1760975280
60.81,1760975460
60.74,1760975640
60.65,1760975820
60.72,1760976000
60.65,1760976180
60.7,1760976360
60.74,1760976540
60.81,1760976720
60.76,1760976900
60.69,1760977080
60.6,1760977260
60.57,1760977440
60.56,1760977620
60.51,1760977800
60.49,1760977980
60.52,1760978160
60.6,1760978340
60.6,1760978520
60.51,1760978700
60.53,1760978880
60.62,1760979060
60.58,1760979240
60.65,1760979420
60.76,1760979600
60.72,1760979780
60.72,1760979960
60.67,1760980140
60.7,1760980320
60.71,1760980500
60.74,1760980680
60.75,1760980860
60.85,1760981040
60.68,1760981220
60.72,1760981400
60.8,1760981580
60.72,1760981760
60.66,1760981940
60.49,1760982120
60.4,1760982300
60.47,1760982480
60.4,1760982660
60.46,1760982840
60.5,1760983020
60.6,1760983200
60.59,1760983380
60.58,1760983560
60.57,1760983740
60.6,1760983920
60.65,1760984100
60.65,1760984280
60.65,1760984460
60.61,1760984640
60.63,1760984820
60.61,1760985000
60.63,1760985180
60.59,1760985360
60.57,1760985540
60.63,1760985720
60.64,1760985900
60.64,1760986080
60.65,1760986260
60.66,1760986440
60.61,1760986620
60.71,1760986800
60.76,1760986980
60.81,1760987160
60.79,1760987340
60.84,1760987520
60.78,1760987700
60.77,1760987880
60.71,1760988060
60.65,1760988240
60.56,1760988420
60.58,1760988600
60.59,1760988780
60.64,1760988960
60.8,1760989140
60.92,1760989320
60.95,1760989500
60.91,1760989680
60.97,1760989860
60.93,1760990040
60.88,1760990220
60.9,1760990400
60.89,1760990580
60.89,1760990760
60.91,1760990940
60.9,1760991120
60.94,1760991300
60.91,1760991480
61.03,1760991660
60.99,1760991840
61.02,1760992020
60.89,1760992200
60.97,1760992380
61,1760992560
60.98,1760992740
60.94,1760992920
60.97,1760993100
60.97,1760993280
60.93,1760993460
60.9,1760993640
60.88,1760993820
60.85,1760994000
60.81,1760994180
60.81,1760994360
60.85,1760994540
60.86,1760994720
60.87,1760994900
60.89,1760995080
60.94,1760995260
60.94,1760995440
60.94,1760995620
60.92,1760995800
60.97,1760995980
60.96,1760996160
60.97,1760996340
60.96,1760996520
60.98,1760996700
60.95,1760996880
60.95,1760997060
60.96,1760997240
60.97,1760997420
61.01,1760997600
61,1760997780
60.97,1760997960
60.98,1760998140
61,1760998320
61,1760998500
61,1760998680
60.98,1760998860
60.98,1760999040
60.97,1760999220
60.98,1760999400
60.95,1760999580
60.93,1760999760
60.92,1760999940
60.92,1761000120
60.93,1761000300
60.88,1761000480
60.89,1761000660
60.9,1761000840
60.9,1761001020
60.94,1761003000
60.92,1761012000
60.86,1761012180
60.87,1761012360
60.86,1761012540
60.85,1761012720
60.85,1761012900
60.85,1761013080
60.84,1761013260
60.91,1761013440
60.99,1761013620
60.95,1761013800
60.93,1761013980
60.95,1761014340
60.96,1761014700
60.95,1761014880
60.97,1761015240
60.97,1761015420
60.91,1761015600
60.91,1761015780
60.86,1761015960
60.83,1761016140
60.83,1761016320
60.8,1761016500
60.74,1761016680
60.68,1761016860
60.64,1761017040
60.61,1761017220
60.63,1761017400
60.65,1761017580
60.68,1761017760
60.66,1761017940
60.66,1761018120
60.68,1761018300
60.68,1761018480
60.72,1761018660
60.74,1761018840
60.8,1761019020
60.78,1761019200
60.8,1761019380
60.85,1761019560
60.87,1761019740
60.88,1761019920
60.87,1761020100
60.87,1761020280
60.86,1761020460
60.88,1761020640
60.86,1761020820
60.86,1761021000
60.83,1761021180
60.83,1761021360
60.82,1761021540
60.83,1761021720
60.82,1761021900
60.81,1761022080
60.81,1761022260
60.78,1761022440
60.82,1761022620
60.8,1761022800
60.8,1761022980
60.81,1761023160
60.8,1761023340
60.79,1761023520
60.79,1761023700
60.78,1761023880
60.79,1761024060
60.84,1761024240
60.84,1761024420
60.83,1761024600
60.83,1761024780
60.84,1761024960
60.84,1761025140
60.85,1761025320
60.84,1761025500
60.83,1761025680
60.82,1761025860
60.85,1761026040
60.85,1761026220
60.86,1761026400
60.88,1761026580
60.86,1761026760
60.85,1761026940
60.86,1761027120
60.88,1761027300
60.86,1761027480
60.84,1761027660
60.85,1761027840
60.83,1761028020
60.84,1761028200
60.83,1761028380
60.83,1761028560
60.84,1761028740
60.84,1761028920
60.82,1761029100
60.84,1761029280
60.84,1761029460
60.82,1761029640
60.87,1761029820
60.88,1761030000
60.89,1761030180
60.89,1761030360
60.94,1761030540
60.98,1761030720
61.01,1761030900
61.02,1761031080
61.02,1761031260
61,1761031440
61,1761031620
61.01,1761031800
61.04,1761031980
61.02,1761032160
61.08,1761032340
61.13,1761032520
61.08,1761032700
61.03,1761032880
61.04,1761033060
61.03,1761033240
61.01,1761033420
61.05,1761033600
61.14,1761033780
61.17,1761033960
61.17,1761034140
61.17,1761034320
61.18,1761034500
61.18,1761034680
61.13,1761034860
61.08,1761035040
61.12,1761035220
61.09,1761035400
61.15,1761035580
61.13,1761035760
61.08,1761035940
61.02,1761036120
61.05,1761036300
61.01,1761036480
60.99,1761036660
60.93,1761036840
60.78,1761037020
60.74,1761037200
60.72,1761037380
60.72,1761037560
60.8,1761037740
60.78,1761037920
60.72,1761038100
60.76,1761038280
60.76,1761038460
60.72,1761038640
60.78,1761038820
60.77,1761039000
60.75,1761039180
60.74,1761039360
60.73,1761039540
60.73,1761039720
60.74,1761039900
60.74,1761040080
60.73,1761040260
60.81,1761040440
60.74,1761040620
60.8,1761040800
60.77,1761040980
60.82,1761041160
60.87,1761041340
60.88,1761041520
60.91,1761041700
60.92,1761041880
60.94,1761042060
60.99,1761042240
60.96,1761042420
61.01,1761042600
60.96,1761042780
61.03,1761042960
61.01,1761043140
61.01,1761043320
61.12,1761043500
61.19,1761043680
61.24,1761043860
61.16,1761044040
61.16,1761044220
61.11,1761044400
61.06,1761044580
61.09,1761044760
61.05,1761044940
60.95,1761045120
60.96,1761045300
60.97,1761045480
60.95,1761045660
60.95,1761045840
60.95,1761046020
60.96,1761046200
61.1,1761046380
61.11,1761046560
61.1,1761046740
61.11,1761046920
61.23,1761047100
61.28,1761047280
61.26,1761047460
61.24,1761047640
61.35,1761047820
61.4,1761048000
61.34,1761048180
61.44,1761048360
61.52,1761048540
61.51,1761048720
61.51,1761048900
61.52,1761049080
61.53,1761049260
61.48,1761049440
61.47,1761049620
61.5,1761049800
61.56,1761049980
61.59,1761050160
61.56,1761050340
61.59,1761050520
61.54,1761050700
61.49,1761050880
61.49,1761051060
61.46,1761051240
61.47,1761051420
61.51,1761051600
61.5,1761051780
61.52,1761051960
61.5,1761052140
61.57,1761052320
61.56,1761052500
61.54,1761052680
61.51,1761052860
61.42,1761053040
61.45,1761053220
61.42,1761053400
61.44,1761053580
61.43,1761053760
61.31,1761053940
61.32,1761054120
61.35,1761054300
61.35,1761054480
61.39,1761054660
61.37,1761054840
61.34,1761055020
61.35,1761055200
61.34,1761055380
61.36,1761055560
61.43,1761055740
61.44,1761055920
61.44,1761056100
61.39,1761056280
61.41,1761056460
61.39,1761056640
61.41,1761056820
61.46,1761057000
61.5,1761057180
61.59,1761057360
61.63,1761057540
61.72,1761057720
61.71,1761057900
61.65,1761058080
61.57,1761058260
61.55,1761058440
61.38,1761058620
61.36,1761058800
61.31,1761058980
61.25,1761059160
61.27,1761059340
61.09,1761059520
61.1,1761059700
61.09,1761059880
61.25,1761060060
61.18,1761060240
61.16,1761060420
61.06,1761060600
60.96,1761060780
60.91,1761060960
60.78,1761061140
60.78,1761061320
60.68,1761061500
60.53,1761061680
60.5,1761061860
60.44,1761062040
60.37,1761062220
60.42,1761062400
60.57,1761062580
60.63,1761062760
60.62,1761062940
60.73,1761063120
60.84,1761063300
60.93,1761063480
60.95,1761063660
60.81,1761063840
60.78,1761064020
60.69,1761064200
60.67,1761064380
60.71,1761064560
60.69,1761064740
60.65,1761064920
60.65,1761065100
60.64,1761065280
60.66,1761065460
60.77,1761065640
60.82,1761065820
60.84,1761066000
60.86,1761066180
60.95,1761066360
60.9,1761066540
61.01,1761066720
61.05,1761066900
61.16,1761067080
61.23,1761067260
61.38,1761067440
61.28,1761067620
61.24,1761067800
61.18,1761067980
61.21,1761068160
61.21,1761068340
61.3,1761068520
61.3,1761068700
61.26,1761068880
61.33,1761069060
61.37,1761069240
61.35,1761069420
61.33,1761069600
61.29,1761069780
61.32,1761069960
61.37,1761070140
61.37,1761070320
61.39,1761070500
61.49,1761070680
61.49,1761070860
61.5,1761071040
61.47,1761071220
61.53,1761071400
61.49,1761071580
61.74,1761071760
61.34,1761071940
61.52,1761072120
61.45,1761072300
61.43,1761072480
61.37,1761072660
61.31,1761072840
61.22,1761073020
61.04,1761073200
61.09,1761073380
61.18,1761073560
61.17,1761073740
61.23,1761073920
61.26,1761074100
61.24,1761074280
61.32,1761074460
61.42,1761074640
61.5,1761074820
61.51,1761075000
61.53,1761075180
61.39,1761075360
61.35,1761075540
61.35,1761075720
61.38,1761075900
61.29,1761076080
61.31,1761076260
61.29,1761076440
61.27,1761076620
61.26,1761076800
61.27,1761076980
61.24,1761077160
61.24,1761077340
61.27,1761077520
61.28,1761077700
61.32,1761077880
61.27,1761078060
61.33,1761078240
61.3,1761078420
61.39,1761078600
61.41,1761078780
61.39,1761078960
61.35,1761079140
61.38,1761079320
61.34,1761079500
61.38,1761079680
61.41,1761079860
61.36,1761080040
61.39,1761080220
61.4,1761080400
61.39,1761080580
61.38,1761080760
61.37,1761080940
61.38,1761081120
61.39,1761081300
61.38,1761081480
61.39,1761081660
61.37,1761081840
61.41,1761082020
61.4,1761082200
61.38,1761082380
61.39,1761082560
61.4,1761082740
61.39,1761082920
61.42,1761083100
61.44,1761083280
61.43,1761083460
61.46,1761083640
61.47,1761083820
61.53,1761084000
61.56,1761084180
61.56,1761084360
61.59,1761084540
61.58,1761084720
61.6,1761084900
61.58,1761085080
61.58,1761085260
61.63,1761085440
61.63,1761085620
61.59,1761085800
61.63,1761085980
61.62,1761086160
61.63,1761086340
61.61,1761086520
61.59,1761086700
61.58,1761086880
61.59,1761087060
61.62,1761087240
61.61,1761087420
61.62,1761087600
61.6,1761088140
61.64,1761088500
61.64,1761088860
61.61,1761089040
61.56,1761089400
61.57,1761090120
61.66,1761091020
61.56,1761098400
61.59,1761098580
61.5,1761098760
61.49,1761098940
61.47,1761099120
61.46,1761099300
61.51,1761099480
61.52,1761099660
61.5,1761099840
61.52,1761100020
61.51,1761100200
61.53,1761100380
61.56,1761100560
61.53,1761100740
61.51,1761100920
61.53,1761101100
61.54,1761101280
61.52,1761101460
61.49,1761101640
61.47,1761101820
61.42,1761102000
61.42,1761102180
61.42,1761102360
61.43,1761102540
61.41,1761102720
61.4,1761102900
61.38,1761103080
61.47,1761103260
61.44,1761103440
61.44,1761103620
61.51,1761103800
61.53,1761103980
61.49,1761104160
61.48,1761104340
61.49,1761104520
61.51,1761104700
61.49,1761104880
61.5,1761105060
61.49,1761105240
61.47,1761105420
61.5,1761105600
61.51,1761105780
61.55,1761105960
61.53,1761106140
61.58,1761106320
61.58,1761106500
61.59,1761106680
61.61,1761106860
61.62,1761107040
61.59,1761107220
61.59,1761107400
61.64,1761107580
61.66,1761107760
61.67,1761107940
61.68,1761108120
61.71,1761108300
61.77,1761108480
61.8,1761108660
61.8,1761108840
61.76,1761109020
61.82,1761109200
61.8,1761109380
61.93,1761109560
62.03,1761109740
62.03,1761109920
62.17,1761110100
62.29,1761110280
62.29,1761110460
62.37,1761110640
62.45,1761110820
62.46,1761111000
62.28,1761111180
62.28,1761111360
62.32,1761111540
62.31,1761111720
62.32,1761111900
62.32,1761112080
62.32,1761112260
62.26,1761112440
62.26,1761112620
62.25,1761112800
62.25,1761112980
62.27,1761113160
62.26,1761113340
62.29,1761113520
62.31,1761113700
62.31,1761113880
62.31,1761114060
62.32,1761114240
62.33,1761114420
62.35,1761114600
62.34,1761114780
62.35,1761114960
62.35,1761115140
62.34,1761115320
62.31,1761115500
62.32,1761115680
62.32,1761115860
62.3,1761116040
62.29,1761116220
62.3,1761116400
62.29,1761116580
62.29,1761116760
62.32,1761116940
62.33,1761117120
62.38,1761117300
62.4,1761117480
62.39,1761117660
62.33,1761117840
62.41,1761118020
62.44,1761118200
62.4,1761118380
62.39,1761118560
62.33,1761118740
62.37,1761118920
62.37,1761119100
62.4,1761119280
62.38,1761119460
62.35,1761119640
62.34,1761119820
62.35,1761120000
62.33,1761120180
62.34,1761120360
62.37,1761120540
62.37,1761120720
62.36,1761120900
62.43,1761121080
62.38,1761121260
62.45,1761121440
62.39,1761121620
62.43,1761121800
62.45,1761121980
62.57,1761122160
62.57,1761122340
62.54,1761122520
62.55,1761122700
62.54,1761122880
62.51,1761123060
62.4,1761123240
62.4,1761123420
62.41,1761123600
62.39,1761123780
62.41,1761123960
62.38,1761124140
62.36,1761124320
62.33,1761124500
62.36,1761124680
62.28,1761124860
62.15,1761125040
62.16,1761125220
62.16,1761125400
62.19,1761125580
62.2,1761125760
62.26,1761125940
62.18,1761126120
62.26,1761126300
62.29,1761126480
62.3,1761126660
62.17,1761126840
62.27,1761127020
62.3,1761127200
62.29,1761127380
62.33,1761127560
62.27,1761127740
62.31,1761127920
62.31,1761128100
62.28,1761128280
62.26,1761128460
62.32,1761128640
62.26,1761128820
62.22,1761129000
62.27,1761129180
62.3,1761129360
62.4,1761129540
62.46,1761129720
62.51,1761129900
62.45,1761130080
62.44,1761130260
62.4,1761130440
62.33,1761130620
62.4,1761130800
62.36,1761130980
62.27,1761131160
62.19,1761131340
62.21,1761131520
62.23,1761131700
62.29,1761131880
62.29,1761132060
62.3,1761132240
62.24,1761132420
62.25,1761132600
62.26,1761132780
62.25,1761132960
62.25,1761133140
62.25,1761133320
62.23,1761133500
62.32,1761133680
62.3,1761133860
62.25,1761134040
62.21,1761134220
62.08,1761134400
62.05,1761134580
62.07,1761134760
62.07,1761134940
62.13,1761135120
62.11,1761135300
62.05,1761135480
62.07,1761135660
62.14,1761135840
62.13,1761136020
62.1,1761136200
62.15,1761136380
62.14,1761136560
62.16,1761136740
62.16,1761136920
62.2,1761137100
62.31,1761137280
62.42,1761137460
62.46,1761137640
62.39,1761137820
62.37,1761138000
62.41,1761138180
62.45,1761138360
62.48,1761138540
62.46,1761138720
62.54,1761138900
62.46,1761139080
62.51,1761139260
62.51,1761139440
62.54,1761139620
62.56,1761139800
62.54,1761139980
62.51,1761140160
62.47,1761140340
62.42,1761140520
62.38,1761140700
62.31,1761140880
62.3,1761141060
62.32,1761141240
62.42,1761141420
62.5,1761141600
62.5,1761141780
62.49,1761141960
62.53,1761142140
62.53,1761142320
62.51,1761142500
62.53,1761142680
62.5,1761142860
62.5,1761143040
62.52,1761143220
62.54,1761143400
62.53,1761143580
62.65,1761143760
62.58,1761143940
62.54,1761144120
62.53,1761144300
62.45,1761144480
62.37,1761144660
62.29,1761144840
62.23,1761145020
62.43,1761145200
62.42,1761145380
62.56,1761145560
62.52,1761145740
62.51,1761145920
62.6,1761146100
62.53,1761146280
62.53,1761146460
62.48,1761146640
62.49,1761146820
62.62,1761147000
62.58,1761147180
62.56,1761147360
62.63,1761147540
62.69,1761147720
62.66,1761147900
62.72,1761148080
62.78,1761148260
62.8,1761148440
62.74,1761148620
62.65,1761148800
62.69,1761148980
62.7,1761149160
62.65,1761149340
62.58,1761149520
62.64,1761149700
62.58,1761149880
62.57,1761150060
62.62,1761150240
62.64,1761150420
62.47,1761150600
62.59,1761150780
62.65,1761150960
62.67,1761151140
62.57,1761151320
62.63,1761151500
62.66,1761151680
62.65,1761151860
62.62,1761152040
62.57,1761152220
62.6,1761152400
62.66,1761152580
62.67,1761152760
62.55,1761152940
62.47,1761153120
62.45,1761153300
62.42,1761153480
62.39,1761153660
62.47,1761153840
62.39,1761154020
62.63,1761154200
62.73,1761154380
62.74,1761154560
62.74,1761154740
62.89,1761154920
62.84,1761155100
62.94,1761155280
62.93,1761155460
62.87,1761155640
62.77,1761155820
62.7,1761156000
62.65,1761156180
62.7,1761156360
62.69,1761156540
62.71,1761156720
62.73,1761156900
62.63,1761157080
62.75,1761157260
62.74,1761157440
62.67,1761157620
62.36,1761157800
62.5,1761157980
62.57,1761158160
62.69,1761158340
62.73,1761158520
62.72,1761158700
62.74,1761158880
62.78,1761159060
62.88,1761159240
62.73,1761159420
62.76,1761159600
62.75,1761159780
62.75,1761159960
62.74,1761160140
62.56,1761160320
62.65,1761160500
62.62,1761160680
62.6,1761160860
62.59,1761161040
62.58,1761161220
62.6,1761161400
62.56,1761161580
62.58,1761161760
62.55,1761161940
62.52,1761162120
62.58,1761162300
62.54,1761162480
62.46,1761162660
62.49,1761162840
62.49,1761163020
62.52,1761163200
62.53,1761163380
62.48,1761163560
62.62,1761163740
62.58,1761163920
62.52,1761164100
62.62,1761164280
62.61,1761164460
62.54,1761164640
62.6,1761164820
62.6,1761165000
62.61,1761165180
62.67,1761165360
62.69,1761165540
62.67,1761165720
62.62,1761165900
62.62,1761166080
62.64,1761166260
62.63,1761166440
62.66,1761166620
62.78,1761166800
62.74,1761166980
62.87,1761167160
63,1761167340
62.96,1761167520
62.98,1761167700
63.03,1761167880
63.29,1761168060
63.45,1761168240
63.62,1761168420
63.7,1761168600
63.44,1761168780
63.49,1761168960
63.58,1761169140
63.75,1761169320
63.84,1761169500
63.62,1761169680
63.59,1761169860
63.49,1761170040
63.5,1761170220
63.31,1761170400
63.36,1761170580
63.27,1761170760
63.34,1761170940
63.33,1761171120
63.35,1761171300
63.4,1761171480
63.43,1761171660
63.28,1761171840
63.38,1761172020
63.34,1761172200
63.35,1761172380
63.32,1761172560
63.38,1761172740
63.67,1761172920
63.44,1761173100
63.31,1761173280
63.31,1761173460
63.31,1761173640
63.52,1761173820
63.53,1761174000
63.72,1761174180
63.94,1761174360
63.91,1761174540
63.95,1761174720
64.01,1761174900
64.01,1761175080
64.03,1761175260
64.13,1761175440
64.27,1761175620
64.17,1761175800
64.2,1761175980
64.28,1761176160
64.38,1761176340
64.5,1761176520
64.42,1761176700
64.34,1761176880
64.39,1761177060
64.4,1761177240
64.35,1761177420
64.37,1761184800
64.35,1761184980
64.35,1761185160
64.36,1761185340
64.39,1761185520
64.43,1761185700
64.36,1761185880
64.36,1761186060
64.35,1761186240
64.35,1761186420
64.35,1761186600
64.35,1761186780
64.35,1761186960
64.35,1761187140
64.34,1761187320
64.19,1761187500
64.2,1761187680
64.22,1761187860
64.21,1761188040
64.1,1761188220
63.95,1761188400
63.96,1761188580
64,1761188760
63.98,1761188940
63.96,1761189120
63.97,1761189300
64,1761189480
63.96,1761189660
63.96,1761189840
64.02,1761190020
64.07,1761190200
64.11,1761190380
63.99,1761190560
64,1761190740
64.01,1761190920
64.02,1761191100
63.97,1761191280
63.91,1761191460
63.87,1761191640
63.94,1761191820
63.93,1761192000
63.96,1761192180
64.06,1761192360
64.03,1761192540
64.07,1761192720
64.07,1761192900
64.04,1761193080
64.02,1761193260
64.04,1761193440
64.06,1761193620
64.08,1761193800
64.05,1761193980
64.03,1761194160
64.03,1761194340
64.02,1761194520
64.08,1761194700
64.12,1761194880
64.08,1761195060
64.23,1761195240
64.19,1761195420
64.15,1761195600
64.13,1761195780
64.2,1761195960
64.18,1761196140
64.24,1761196320
64.38,1761196500
64.41,1761196680
64.31,1761196860
64.27,1761197040
64.27,1761197220
64.2,1761197400
64.21,1761197580
64.29,1761197760
64.29,1761197940
64.27,1761198120
64.27,1761198300
64.28,1761198480
64.31,1761198660
64.33,1761198840
64.38,1761199020
64.4,1761199200
64.37,1761199380
64.4,1761199560
64.46,1761199740
64.54,1761199920
64.47,1761200100
64.52,1761200280
64.52,1761200460
64.53,1761200640
64.52,1761200820
64.53,1761201000
64.53,1761201180
64.55,1761201360
64.54,1761201540
64.71,1761201720
64.65,1761201900
64.63,1761202080
64.56,1761202260
64.6,1761202440
64.61,1761202620
64.65,1761202800
64.63,1761202980
64.67,1761203160
64.74,1761203340
64.78,1761203520
64.78,1761203700
64.76,1761203880
64.94,1761204060
64.93,1761204240
64.92,1761204420
65.01,1761204600
64.94,1761204780
64.82,1761204960
64.89,1761205140
64.88,1761205320
64.93,1761205500
64.95,1761205680
64.98,1761205860
65.03,1761206040
64.98,1761206220
64.95,1761206400
64.87,1761206580
64.78,1761206760
64.74,1761206940
64.78,1761207120
64.82,1761207300
64.84,1761207480
64.8,1761207660
64.81,1761207840
64.83,1761208020
64.88,1761208200
64.81,1761208380
64.72,1761208560
64.75,1761208740
64.73,1761208920
64.75,1761209100
64.63,1761209280
64.56,1761209460
64.57,1761209640
64.6,1761209820
64.58,1761210000
64.55,1761210180
64.57,1761210360
64.62,1761210540
64.63,1761210720
64.64,1761210900
64.65,1761211080
64.62,1761211260
64.75,1761211440
64.7,1761211620
64.71,1761211800
64.78,1761211980
64.77,1761212160
64.75,1761212340
64.68,1761212520
64.66,1761212700
64.76,1761212880
64.7,1761213060
64.63,1761213240
64.61,1761213420
64.59,1761213600
64.7,1761213780
64.71,1761213960
64.83,1761214140
64.75,1761214320
64.77,1761214500
64.93,1761214680
65.01,1761214860
65.06,1761215040
65.06,1761215220
65.19,1761215400
65.16,1761215580
65.24,1761215760
65.35,1761215940
65.45,1761216120
65.52,1761216300
65.43,1761216480
65.46,1761216660
65.49,1761216840
65.56,1761217020
65.6,1761217200
65.57,1761217380
65.63,1761217560
65.61,1761217740
65.66,1761217920
65.78,1761218100
65.71,1761218280
65.77,1761218460
65.66,1761218640
65.65,1761218820
65.6,1761219000
65.61,1761219180
65.77,1761219360
65.82,1761219540
65.93,1761219720
65.93,1761219900
65.93,1761220080
65.95,1761220260
65.99,1761220440
65.92,1761220620
65.96,1761220800
65.8,1761220980
65.89,1761221160
65.9,1761221340
65.99,1761221520
65.98,1761221700
65.99,1761221880
66.04,1761222060
65.74,1761222240
65.71,1761222420
65.7,1761222600
65.78,1761222780
65.79,1761222960
65.81,1761223140
65.91,1761223320
65.84,1761223500
65.85,1761223680
65.79,1761223860
65.73,1761224040
65.68,1761224220
65.85,1761224400
65.86,1761224580
65.85,1761224760
65.93,1761224940
65.93,1761225120
65.93,1761225300
66.05,1761225480
65.91,1761225660
65.89,1761225840
65.74,1761226020
65.74,1761226200
65.65,1761226380
65.48,1761226560
65.46,1761226740
65.44,1761226920
65.54,1761227100
65.53,1761227280
65.47,1761227460
65.56,1761227640
65.63,1761227820
65.66,1761228000
65.54,1761228180
65.61,1761228360
65.56,1761228540
65.55,1761228720
65.65,1761228900
65.63,1761229080
65.55,1761229260
65.55,1761229440
65.45,1761229620
65.49,1761229800
65.41,1761229980
65.48,1761230160
65.42,1761230340
65.33,1761230520
65.28,1761230700
65.28,1761230880
65.19,1761231060
65.18,1761231240
65.67,1761231420
65.94,1761231600
65.99,1761231780
66.13,1761231960
65.74,1761232140
65.91,1761232320
65.95,1761232500
65.99,1761232680
65.52,1761232860
65.5,1761233040
65.58,1761233220
65.7,1761233400
65.52,1761233580
65.53,1761233760
65.56,1761233940
65.66,1761234120
65.68,1761234300
65.73,1761234480
65.71,1761234660
65.76,1761234840
65.77,1761235020
65.71,1761235200
65.71,1761235380
65.73,1761235560
65.63,1761235740
65.51,1761235920
65.54,1761236100
65.54,1761236280
65.6,1761236460
65.66,1761236640
65.7,1761236820
65.58,1761237000
65.51,1761237180
65.55,1761237360
65.67,1761237540
65.67,1761237720
65.6,1761237900
65.53,1761238080
65.59,1761238260
65.59,1761238440
65.58,1761238620
65.55,1761238800
65.58,1761238980
65.46,1761239160
65.49,1761239340
65.47,1761239520
65.53,1761239700
65.6,1761239880
65.72,1761240060
65.71,1761240240
65.73,1761240420
65.75,1761240600
65.72,1761240780
65.81,1761240960
65.92,1761241140
65.89,1761241320
65.9,1761241500
66.07,1761241680
66.09,1761241860
66.08,1761242040
66.11,1761242220
66.27,1761242400
66.26,1761242580
66.01,1761242760
66.04,1761242940
66.02,1761243120
65.97,1761243300
65.91,1761243480
66.05,1761243660
66.07,1761243840
66.07,1761244020
66.09,1761244200
66.13,1761244380
66.15,1761244560
66.13,1761244740
66.12,1761244920
66.09,1761245100
66.1,1761245280
66.09,1761245460
66.15,1761245640
66.18,1761245820
66.16,1761246000
66.12,1761246180
65.84,1761246360
65.93,1761246540
66,1761246720
66.04,1761246900
66.05,1761247080
66.07,1761247260
66.05,1761247440
66.07,1761247620
66.05,1761247800
66.06,1761247980
66.04,1761248160
66.14,1761248340
66.09,1761248520
66.02,1761248700
65.77,1761248880
65.72,1761249060
65.66,1761249240
65.81,1761249420
65.74,1761249600
65.83,1761249780
65.96,1761249960
65.94,1761250140
65.9,1761250320
65.91,1761250500
65.9,1761250680
65.93,1761250860
65.88,1761251040
65.96,1761251220
65.88,1761251400
65.96,1761251580
65.99,1761251760
65.93,1761251940
65.87,1761252120
65.87,1761252300
65.74,1761252480
65.83,1761252660
65.93,1761252840
65.87,1761253020
65.83,1761253200
65.88,1761253380
65.92,1761253560
65.92,1761253740
65.93,1761253920
65.97,1761254100
65.96,1761254280
65.97,1761254460
65.92,1761254640
65.89,1761254820
65.88,1761255000
65.92,1761255180
65.92,1761255360
65.89,1761255540
65.86,1761255720
65.85,1761255900
65.85,1761256080
65.75,1761256260
65.8,1761256440
65.81,1761256620
65.8,1761256800
65.81,1761256980
65.86,1761257160
65.83,1761257340
65.83,1761257520
65.85,1761257700
65.84,1761257880
65.85,1761258060
65.83,1761258240
65.85,1761258420
65.85,1761258600
65.82,1761258780
65.81,1761258960
65.86,1761259140
65.83,1761259320
65.85,1761259500
65.83,1761259680
65.85,1761259860
65.9,1761260040
65.91,1761260220
65.92,1761260400
65.98,1761260580
65.98,1761260760
65.96,1761260940
65.98,1761261120
65.98,1761261300
65.96,1761261480
65.95,1761261660
65.98,1761262200
65.96,1761262380
65.97,1761262560
65.94,1761262740
65.92,1761262920
65.96,1761263100
65.96,1761263280
65.96,1761263460
65.96,1761263640
65.96,1761263820
65.76,1761271200
65.77,1761271380
65.78,1761271560
65.71,1761271740
65.74,1761271920
65.74,1761272100
65.73,1761272280
65.82,1761272460
65.9,1761272640
65.89,1761272820
65.86,1761273000
65.87,1761273180
65.86,1761273360
65.84,1761273540
65.84,1761273720
65.79,1761273900
65.81,1761274260
65.8,1761274440
65.79,1761274620
65.72,1761274800
65.75,1761274980
65.76,1761275160
65.76,1761275340
65.79,1761275520
65.76,1761275700
65.76,1761275880
65.67,1761276060
65.69,1761276240
65.66,1761276420
65.64,1761276600
65.63,1761276780
65.63,1761276960
65.64,1761277140
65.57,1761277320
65.53,1761277500
65.54,1761277680
65.52,1761277860
65.53,1761278040
65.47,1761278220
65.43,1761278400
65.55,1761278580
65.53,1761278760
65.57,1761278940
65.6,1761279120
65.62,1761279300
65.62,1761279480
65.6,1761279660
65.57,1761279840
65.49,1761280020
65.53,1761280200
65.57,1761280380
65.55,1761280560
65.5,1761280740
65.51,1761280920
65.53,1761281100
65.56,1761281280
65.55,1761281460
65.57,1761281640
65.6,1761281820
65.59,1761282000
65.58,1761282180
65.59,1761282360
65.62,1761282540
65.55,1761282720
65.56,1761282900
65.57,1761283080
65.67,1761283260
65.72,1761283440
65.7,1761283620
65.66,1761283800
65.61,1761283980
65.58,1761284160
65.54,1761284340
65.58,1761284520
65.58,1761284700
65.63,1761284880
65.65,1761285060
65.66,1761285240
65.6,1761285420
65.64,1761285600
65.64,1761285960
65.67,1761286140
65.66,1761286320
65.69,1761286500
65.69,1761286680
65.69,1761286860
65.73,1761287040
65.73,1761287220
65.71,1761287400
65.73,1761287580
65.78,1761287760
65.77,1761287940
65.77,1761288120
65.75,1761288300
65.69,1761288480
65.74,1761288660
65.74,1761288840
65.73,1761289020
65.75,1761289200
65.79,1761289380
65.78,1761289560
65.78,1761289740
65.76,1761289920
65.78,1761290100
65.79,1761290280
65.78,1761290460
65.7,1761290640
65.77,1761290820
65.73,1761291000
65.76,1761291180
65.76,1761291360
65.75,1761291540
65.75,1761291720
65.77,1761291900
65.77,1761292080
65.74,1761292260
65.71,1761292440
65.69,1761292620
65.77,1761292800
65.77,1761292980
65.78,1761293160
65.77,1761293340
65.78,1761293520
65.79,1761293700
65.82,1761293880
65.72,1761294060
65.69,1761294240
65.75,1761294420
65.7,1761294600
65.73,1761294780
65.74,1761294960
65.69,1761295140
65.65,1761295320
65.63,1761295500
65.59,1761295680
65.58,1761295860
65.58,1761296040
65.61,1761296220
65.56,1761296400
65.56,1761296580
65.58,1761296760
65.62,1761296940
65.6,1761297120
65.66,1761297300
65.66,1761297480
65.74,1761297660
65.72,1761297840
65.76,1761298020
65.87,1761298200
65.89,1761298380
65.89,1761298560
65.95,1761298740
66.01,1761298920
66,1761299100
66,1761299280
66.02,1761299460
66.03,1761299640
66.14,1761299820
66.11,1761300000
66.07,1761300180
66.17,1761300360
66.15,1761300540
66.13,1761300720
66.14,1761300900
66.15,1761301080
66.15,1761301260
66.22,1761301440
66.08,1761301620
66.23,1761301800
66.23,1761301980
66.19,1761302160
66.12,1761302340
66.08,1761302520
66.03,1761302700
65.95,1761302880
65.97,1761303060
65.93,1761303240
65.85,1761303420
65.83,1761303600
65.88,1761303780
65.87,1761303960
65.82,1761304140
65.84,1761304320
65.89,1761304500
65.91,1761304680
65.98,1761304860
65.98,1761305040
65.91,1761305220
65.87,1761305400
65.86,1761305580
65.9,1761305760
65.9,1761305940
65.9,1761306120
65.86,1761306300
65.87,1761306480
65.86,1761306660
65.82,1761306840
65.86,1761307020
65.85,1761307200
65.97,1761307380
65.97,1761307560
66.03,1761307740
65.95,1761307920
66,1761308100
65.99,1761308280
65.93,1761308460
65.93,1761308640
65.97,1761308820
66.01,1761309000
66,1761309180
66.13,1761309360
66.09,1761309540
66.02,1761309720
66.06,1761309900
66.1,1761310080
66.08,1761310260
66.06,1761310440
66.13,1761310620
66.22,1761310800
66.22,1761310980
66.23,1761311160
66.25,1761311340
66.31,1761311520
66.37,1761311700
66.32,1761311880
66.41,1761312060
66.38,1761312240
66.43,1761312420
66.45,1761312600
66.46,1761312780
66.42,1761312960
66.42,1761313140
66.45,1761313320
66.56,1761313500
66.54,1761313680
66.61,1761313860
66.54,1761314040
66.64,1761314220
66.68,1761314400
66.66,1761314580
66.47,1761314760
66.4,1761314940
66.35,1761315120
66.4,1761315300
66.33,1761315480
66.31,1761315660
66.34,1761315840
66.35,1761316020
66.43,1761316200
66.36,1761316380
66.15,1761316560
66.24,1761316740
66.13,1761316920
66.11,1761317100
66.12,1761317280
66.14,1761317460
66.17,1761317640
66.06,1761317820
66.17,1761318000
66.17,1761318180
66.18,1761318360
66.2,1761318540
66.21,1761318720
66.22,1761318900
66.33,1761319080
66.2,1761319260
66.17,1761319440
66.15,1761319620
66.24,1761319800
66.23,1761319980
66.25,1761320160
66.22,1761320340
66.33,1761320520
66.34,1761320700
66.37,1761320880
66.34,1761321060
66.34,1761321240
66.34,1761321420
66.38,1761321600
66.46,1761321780
66.49,1761321960
66.49,1761322140
66.56,1761322320
66.41,1761322500
66.24,1761322680
66.41,1761322860
66.46,1761323040
66.44,1761323220
66.46,1761323400
66.49,1761323580
66.52,1761323760
66.46,1761323940
66.55,1761324120
66.48,1761324300
66.52,1761324480
66.59,1761324660
66.59,1761324840
66.52,1761325020
66.44,1761325200
66.46,1761325380
66.6,1761325560
66.6,1761325740
66.61,1761325920
66.62,1761326100
66.6,1761326280
66.62,1761326460
66.61,1761326640
66.62,1761326820
66.68,1761327000
66.68,1761327180
66.68,1761327360
66.66,1761327540
66.64,1761327720
66.55,1761327900
66.64,1761328080
66.56,1761328260
66.65,1761328440
66.66,1761328620
66.59,1761328800
66.65,1761328980
66.59,1761329160
66.6,1761329340
66.64,1761329520
66.55,1761329700
66.54,1761329880
66.44,1761330060
66.46,1761330240
66.43,1761330420
66.5,1761330600
66.44,1761330780
66.43,1761330960
66.48,1761331140
66.54,1761331320
66.54,1761331500
66.43,1761331680
66.42,1761331860
66.35,1761332040
66.32,1761332220
66.25,1761332400
66.3,1761332580
66.19,1761332760
66.16,1761332940
66.07,1761333120
66.16,1761333300
66.12,1761333480
66.13,1761333660
66.05,1761333840
66.14,1761334020
66.08,1761334200
66.12,1761334380
66.02,1761334560
65.96,1761334740
65.94,1761334920
65.93,1761335100
66.01,1761335280
65.98,1761335460
66,1761335640
65.97,1761335820
65.99,1761336000
66.05,1761336180
66.02,1761336360
65.93,1761336540
65.97,1761336720
65.99,1761336900
65.99,1761337080
66.02,1761337260
66,1761337440
65.9,1761337620
65.95,1761337800
66.05,1761337980
66.13,1761338160
66.06,1761338340
66.05,1761338520
65.99,1761338700
66,1761338880
65.98,1761339060
66.01,1761339240
66.01,1761339420
65.99,1761339600
66.01,1761339780
65.98,1761339960
66.03,1761340140
65.98,1761340320
65.94,1761340500
65.97,1761340680
65.93,1761340860
65.91,1761341040
65.89,1761341220
65.88,1761341400
65.87,1761341580
65.87,1761341760
65.9,1761341940
65.9,1761342120
65.92,1761342300
65.94,1761342480
65.93,1761342660
65.91,1761342840
65.92,1761343020
65.9,1761343200
65.85,1761343380
65.86,1761343560
65.86,1761343740
65.88,1761343920
65.87,1761344100
65.85,1761344280
65.84,1761344460
65.83,1761344640
65.81,1761344820
65.81,1761345000
65.78,1761345180
65.81,1761345360
65.82,1761345540
65.81,1761345720
65.81,1761345900
65.86,1761346080
65.86,1761346260
65.85,1761346440
65.85,1761346620
65.84,1761346800
65.77,1761347160
65.79,1761347340
65.81,1761347700
65.79,1761347880
65.79,1761348060
65.8,1761348240
65.77,1761348420
65.76,1761348600
65.77,1761348960
65.77,1761349140
65.76,1761349320
65.76,1761349500
65.72,1761349680
65.65,1761349860
65.62,1761350040
65.69,1761350220